0 414
1 342
2 398
3 556
4 638
5 761
6 833
7 1049
8 1036
9 1188
10 1179
11 1271
12 1296
13 1336
14 1229
15 1258
16 1205
17 1232
18 1245
19 1183
20 1243
21 1186
22 1126
23 1084
24 1128
25 1100
26 1015
27 1007
28 947
29 927
30 891
31 782
32 833
33 760
34 723
35 656
36 682
37 640
38 645
39 601
40 568
41 527
42 499
43 445
44 455
45 455
46 399
47 410
48 368
49 388
50 350
51 346
52 347
53 365
54 328
55 324
56 293
57 294
58 282
59 275
60 272
61 269
62 262
63 261
64 272
65 224
66 232
67 258
68 247
69 224
70 185
71 241
72 229
73 218
74 208
75 209
76 255
77 279
78 303
79 315
80 324
81 322
82 322
83 355
84 287
85 330
86 343
87 368
88 410
89 426
90 459
91 465
92 482
93 665
94 608
95 607
96 558
97 501
98 555
99 556
100 561
101 726
102 630
103 647
104 750
105 734
106 880
107 908
108 944
109 1056
110 1116
111 1186
112 1234
113 1193
114 1235
115 1317
116 1294
117 1348
118 1289
119 1265
120 1240
121 1193
122 1190
123 1202
124 1251
125 1102
126 1078
127 1052
128 1116
129 1047
130 1129
131 1069
132 1046
133 1130
134 1120
135 1115
136 1121
137 1090
138 1188
139 1221
140 1216
141 1240
142 1200
143 1194
144 1128
145 1228
146 1242
147 1293
148 1286
149 1348
150 1336
151 1347
152 1367
153 1347
154 1410
155 1433
156 1531
157 1497
158 1703
159 1619
160 1601
161 1614
162 1475
163 1624
164 1602
165 1569
166 1435
167 1517
168 1537
169 1598
170 1526
171 1517
172 1441
173 1439
174 1401
175 1432
176 1407
177 1350
178 1476
179 1609
180 1628
181 1658
182 1639
183 1792
184 2124
185 2185
186 2189
187 2138
188 2223
189 2156
190 2287
191 2469
192 2779
193 3086
194 2872
195 2737
196 2926
197 2716
198 2846
199 3174
200 3143
201 3308
202 2495
203 2189
204 2079
205 2154
206 1944
207 2010
208 1973
209 2077
210 2059
211 2073
212 2164
213 2159
214 2309
215 2402
216 2452
217 2446
218 2518
219 2535
220 2258
221 2070
222 2049
223 2091
224 1937
225 1746
226 1670
227 1621
228 1597
229 1515
230 1587
231 1607
232 1629
233 1466
234 1513
235 1481
236 1440
237 1274
238 1213
239 1142
240 1041
241 973
242 897
243 796
244 703
245 637
246 611
247 548
248 533
249 596
250 572
251 509
252 609
253 708
254 931
255 636
