0 244
1 262
2 200
3 214
4 285
5 330
6 335
7 337
8 364
9 327
10 292
11 275
12 271
13 269
14 260
15 242
16 447
17 191
18 397
19 201
20 377
21 196
22 443
23 239
24 235
25 251
26 512
27 267
28 289
29 283
30 312
31 307
32 309
33 310
34 0
35 330
36 312
37 310
38 335
39 319
40 365
41 339
42 314
43 312
44 335
45 312
46 0
47 316
48 323
49 330
50 377
51 381
52 0
53 416
54 441
55 0
56 428
57 493
58 0
59 457
60 441
61 0
62 484
63 0
64 491
65 502
66 0
67 476
68 0
69 562
70 0
71 574
72 0
73 573
74 534
75 0
76 558
77 0
78 559
79 0
80 591
81 0
82 587
83 0
84 603
85 0
86 578
87 0
88 597
89 0
90 617
91 0
92 557
93 0
94 513
95 449
96 0
97 399
98 386
99 386
100 0
101 408
102 356
103 376
104 339
105 299
106 301
107 289
108 276
109 328
110 289
111 324
112 301
113 287
114 299
115 314
116 329
117 0
118 356
119 295
120 311
121 339
122 316
123 378
124 364
125 363
126 0
127 385
128 349
129 357
130 380
131 0
132 368
133 343
134 376
135 380
136 0
137 371
138 355
139 355
140 379
141 377
142 0
143 387
144 396
145 354
146 0
147 361
148 370
149 375
150 350
151 0
152 398
153 384
154 380
155 0
156 417
157 384
158 399
159 384
160 0
161 421
162 395
163 394
164 0
165 410
166 431
167 0
168 371
169 368
170 359
171 358
172 370
173 0
174 341
175 354
176 318
177 311
178 339
179 349
180 343
181 0
182 352
183 338
184 369
185 356
186 329
187 367
188 0
189 353
190 323
191 372
192 354
193 358
194 0
195 383
196 345
197 343
198 342
199 322
200 333
201 301
202 340
203 0
204 337
205 308
206 318
207 534
208 238
209 233
210 215
211 430
212 218
213 389
214 204
215 428
216 202
217 380
218 213
219 430
220 232
221 209
222 432
223 196
224 375
225 209
226 409
227 204
228 227
229 446
230 241
231 259
232 233
233 488
234 185
235 422
236 196
237 233
238 415
239 200
240 391
241 332
242 168
243 328
244 357
245 335
246 315
247 282
248 282
249 258
250 368
251 293
252 275
253 327
254 191
255 262
